1
183
2
6
4293
7
858
4294
8
859
11
860
12
861
13
862
754
14
863
755
864
16
865
17
866
18
19
867
20
868
869
21
22
870
871
23
25
872
2986
26
873
2988
27
874
2992
30
875
31
571
876
2993
32
572
2994
877
2995
573
2996
574
575
576
577
578
579
580
581
3338
582
583
3339
584
3340
3341
3342
2150
3343
2151
3344
906
2152
907
3345
2153
3346
2154
1309
3347
2155
1310
3348
1311
3349
1312
1313
1314
1315
1070
1316
1317
1318
1319
1320
1321
1322
4939
4940
3373
4941
3374
4942
4943
3375
4944
3376
4945
3377
4946
4947
4948
4949
4950
4951
4952
4953
4954
4955
7160
7161
4956
7163
4957
4958
7164
7166
7167
7168
8336
7169
7170
8337
5104
8338
7171
5105
7172
8339
5106
7173
5107
7174
5108
7175
5109
7177
5110
9199
9200
9352
8285
9201
9353
8286
9354
8287
9202
8288
9203
9355
8289
6278
9356
9204
8290
9357
9205
8291
9358
8292
9359
8293
9360
8294
9361
9362
8295
9363
8296
9364
10137
8297
9365
10140
8298
9366
8300
10141
9367
8301
9368
10142
8302
8303
10143
9369
8304
10774
8305
10775
8306
10776
10777
8307
10778
8308
10779
9890
8309
10780
8310
9892
9172
8311
10781
9893
9173
8312
10782
9174
9894
8313
9175
10783
10499
8314
9176
8315
10500
9177
8316
10501
11456
11908
9178
8317
12212
11754
11457
11909
10502
12213
8318
11910
12215
11755
9179
11459
10503
9621
8320
11911
11756
12216
10504
11460
9622
8321
9180
11912
11757
10505
12218
9623
11461
9181
8322
11913
11758
12219
10506
9710
11462
11759
9182
11914
8323
9624
12220
11760
11463
9711
10507
9183
8324
11915
12221
9625
11761
9184
10508
9712
11464
12222
8325
11916
11762
9626
9713
11465
10509
12223
11917
9185
8326
11763
12224
9627
11616
10510
11466
8327
11918
11764
9186
12225
10511
8328
11617
9628
11765
11467
9718
11919
9187
11766
9629
10512
8329
9720
11468
11618
11920
9630
9188
11767
8330
11469
10513
11619
9721
11921
11620
10514
11470
9189
8331
9631
11922
11621
9190
8332
9632
11471
11350
11622
9191
9633
11923
8333
11472
11623
9192
11473
9634
11924
11353
8334
9193
11474
11355
11624
11925
9635
13220
8335
9194
11625
11475
11926
11356
9636
13222
9195
11476
11626
9196
11477
11627
9197
11478
11630
9198
11479
11631
11480
11632
11481
11633
11482
11634
11109
11635
11483
11110
11636
11484
11111
11637
11638
10117
11112
11485
11639
10118
11113
11486
11114
11487
10119
11115
9295
11488
10120
11116
10121
9296
11489
11117
13827
10122
11490
11118
9298
13828
11491
10123
13829
11119
10124
9299
13830
13269
10125
9300
13831
13270
13832
13833
13271
13272
13834
13273
13835
13836
13274
10135
13837
13275
10136
13276
13838
13277
13839
13278
10553
13840
13279
10554
14674
13841
10555
13280
14675
13842
10556
14676
14677
13843
10557
13844
10562
10563
13845
10564
13846
14683
11539
10565
14026
15038
14684
10566
11540
14027
14685
15039
10567
11541
14028
14686
10568
15040
11542
15041
14687
14029
10569
11543
15043
14030
14688
10570
11544
15044
14031
10571
11545
14032
10572
11546
14033
10573
11547
14034
14035
11548
14036
14037
13190
14038
14598
14039
14599
14040
13192
14600
14041
14601
14602
14603
14604
14605
14606
14607
15373
18651
15374
18652
18653
18654
18655
18656
18658
17988
18659
17989
18660
18355
17990
18356
18661
17991
18357
18662
18358
17992
18359
18663
17993
18360
17994
18664
18361
17995
18362
18665
17996
14822
18667
17997
18668
14672
14673
19967
19968
19969
19970
19971
19972
19973
19974
19975
19976
19977
19978
19500
19501
19502
19503
19504
19505
19506
19507
19508
19509
19052
19054
19056
19058
18909
19060
18910
19061
19062
19063
19064
19065
19070
17924
19071
17925
19074
17926
19075
17927
19076
17928
17929
19077
17930
19078
17931
19080
17932
19081
19082
17933
19083
17934
17935
17936
